71.825 108.171 29.319
70.769 107.624 32.964
71.1 104.21 34.623
68.464 102.625 36.893
69.362 99.655 39.1
66.415 97.381 39.807
66.273 94.155 41.767
63.573 91.501 41.321
62.958 89.587 44.559
60.669 86.76 45.592
60.43 83.06 46.423
61.055 80.263 43.957
58.849 79.592 40.956
56.815 82.78 41.218
57.896 83.999 37.782
60.72 86.485 38.497
62.685 85.282 35.447
59.627 84.882 33.265
58.65 88.505 33.901
62.21 89.702 33.31
62.861 87.928 30.033
59.361 88.708 28.764
60.24 92.377 29.469
63.685 92.4 27.873
63.325 89.896 25.08
59.658 89.315 24.474
60.176 85.585 24.997
57.961 83.514 27.352
59.968 81.026 29.372
57.724 78.025 29.815
60.243 75.802 31.604
61.097 76.034 35.272
64.834 76.543 35.356
65.88 77.799 38.81
68.063 80.896 38.734
71.501 80.926 40.24
72.662 84.414 39.258
71.52 86.583 36.332
71.627 90.254 35.435
70.108 91.943 32.404
70.545 95.416 30.953
68.425 97.05 28.295
68.194 100.555 26.795
64.544 101.56 26.946
62.387 104.617 26.52
60.352 105.659 29.537
58.204 108.803 29.172
60.018 110.084 26.071
63.419 109.416 27.603
66.03 106.867 26.604
67.513 105.209 29.652
69.599 102.286 30.742
67.975 99.672 32.941
69.961 97.189 34.964
67.831 94.306 36.256
69.264 91.887 38.819
67.188 88.683 38.802
67.67 86.835 42.077
67.602 83.16 43.047
64.399 82.347 44.894
65.94 79.126 46.068
69.488 79.467 47.353
71.509 78.14 50.257
73.582 81.19 51.042
71.713 84.476 51.32
74.533 86.666 52.627
74.673 88.557 49.285
71.01 89.654 49.424
71.933 92.408 51.82
74.459 93.708 49.233
72.03 93.475 46.342
69.624 95.58 48.388
72.32 98.081 49.308
73.098 98.82 45.64
69.638 98.599 44.092
67.525 101.686 43.521
64.105 100.092 43.018
62.642 96.743 44.066
60.011 94.464 42.582
58.684 91.972 45.21
56.956 89.195 43.34
54.618 86.438 44.567
52.407 84.027 42.688
48.621 84.154 43.144
48.576 80.341 43.035
50.807 79.805 46.06
49.987 81.352 49.447
53.431 80.789 50.937
55.105 82.98 48.322
52.891 85.917 49.355
53.569 85.257 53.062
57.317 85.212 52.46
57.377 88.837 51.263
56.973 90.7 54.545
60.476 89.59 55.557
61.943 90.823 52.284
60.348 94.249 52.684
61.587 94.542 56.258
65.105 93.52 55.197
65.194 96.193 52.455
64.108 99.006 54.816
66.744 97.825 57.239
69.507 97.912 54.597
68.516 101.252 53.037
67.496 102.67 56.411
64.422 104.55 55.093
60.733 103.665 54.709
60.697 105.472 51.415
62.341 103.214 48.885
60.969 102.713 45.324
58.989 99.464 45.432
56.185 97.575 43.74
54.299 94.497 45.033
53.538 92.177 42.151
51.048 89.326 42.087
52.121 87.183 39.15
50.346 84.385 37.254
47.107 86.398 37.133
46.198 84.35 34.07
45.628 81.336 36.37
42.459 82.741 37.845
40.894 79.355 38.613
43.933 78.435 40.679
43.967 81.7 42.659
44.649 81.266 46.421
45.577 84.879 47.176
42.846 87.439 46.598
43.406 90.712 44.841
42.187 92.863 47.769
44.378 90.71 49.993
47.273 91.805 47.797
46.127 95.408 47.66
45.686 95.476 51.421
49.288 94.379 51.993
50.58 97.168 49.747
48.552 99.81 51.564
50.203 98.757 54.807
53.583 99.063 53.202
53.021 102.815 53.11
50.647 102.609 50.187
53.258 101.153 47.833
52.492 100.373 44.206
50.665 97.118 43.575
49.678 95.243 40.486
48.787 91.8 39.254
50.686 90.493 36.291
51.188 87.669 33.863
54.436 86.893 32.034
52.46 84.444 29.923
49.638 86.743 28.73
51.791 89.874 28.884
49.655 91.676 31.403
51.334 94.61 33.146
54.832 93.277 32.397
56.277 96.576 31.12
54.394 98.424 33.799
56.318 96.808 36.685
59.615 98.202 35.41
58.443 101.618 34.135
56.713 102.278 37.431
59.958 101.687 39.297
61.756 104.053 36.911
59.007 106.634 37.604
59.29 106.363 41.419
63.045 106.77 41.202
62.573 109.895 39.079
60.612 111.505 41.922
