81.442 69.187 48.108
83.459 72.25 47.103
82.055 74.569 44.439
81.854 78.181 43.297
79.373 80.554 41.685
80.629 81.81 38.322
79.219 84.414 35.941
78.91 83.307 32.307
78.259 85.784 29.507
77.476 85.097 25.867
79.345 86.689 22.95
75.989 87.861 21.565
73.77 90.916 22.085
70.418 89.778 23.493
69.996 91.956 26.575
71.654 89.578 29.031
74.878 90.659 30.746
75.571 87.296 32.388
73.92 84.291 33.998
75.372 82.619 37.083
75.949 78.862 37.284
77.649 76.513 39.736
81.061 74.89 39.235
81.666 71.895 41.507
85.074 70.257 41.999
83.866 67.388 39.762
83.04 69.679 36.821
85.127 69.113 33.688
84.962 71.574 30.77
82.305 69.61 28.77
80.061 69.592 31.853
80.308 73.343 32.533
79.899 74.187 28.838
76.666 72.181 28.57
75.515 73.77 31.837
76.295 77.245 30.47
74.681 76.494 27.1
71.445 75.266 28.72
71.363 78.295 31.039
71.635 80.518 27.947
69.154 78.327 26.03
71.57 76.706 23.571
70.123 73.191 23.85
70.165 72.499 20.09
73.864 73.371 19.753
76.724 71.014 20.634
79.272 71.758 23.422
81.926 70.656 20.91
81.719 73.901 18.934
81.844 75.924 22.159
84.763 77.361 24.094
85.06 78.524 27.708
87.223 81.563 28.534
87.873 83.197 31.913
87.991 86.993 31.768
90.926 87.946 33.99
90.717 91.475 32.543
90.114 93.438 29.32
93.581 92.362 28.128
93.827 88.888 29.686
91.657 85.814 29.023
92.29 82.274 30.284
91.383 79.53 27.815
89.926 76.567 29.719
91.23 73.297 28.161
88.47 71.155 26.635
88.824 68.375 29.226
90.247 70.269 32.207
88.625 70.337 35.64
87.22 73.875 35.599
87.204 74.159 39.405
90.97 73.493 39.522
91.913 75.106 36.177
90.323 78.539 36.608
92.233 81.377 38.265
90.496 81.375 41.654
92.366 84.539 42.668
90.774 86.382 39.736
87.234 87.351 38.72
84.808 84.461 38.249
83.722 86.04 34.968
83.548 83.667 32.022
82.494 83.986 28.409
80.89 81.179 26.435
81.699 81.421 22.734
82.048 79.337 19.573
85.5 77.859 18.958
