0.48956298828125 -1.0000228881835938 0.2513904571533203
0.5572128295898438 -0.9257583618164063 -0.3546142578125
0.26233673095703125 -0.8340988159179688 -0.7415962219238281
0.02371978759765625 -0.5951004028320313 -0.9941253662109375
0.27565765380859375 -0.9028167724609375 -0.6653289794921875
-0.01158905029296875 -0.690460205078125 -0.8846549987792969
0.19597625732421875 -0.8496246337890625 -0.7350044250488281
0.23607635498046875 -0.7744903564453125 -0.7978248596191406
0.22113800048828125 -0.6223068237304688 -0.9131965637207031
0.31247711181640625 -0.7160110473632813 -0.8120346069335938
0.1124420166015625 -0.6881332397460938 -0.9037895202636719
0.14997100830078125 -0.7720184326171875 -0.8268547058105469
-0.121185302734375 -0.6111373901367188 -0.9637584686279297
0.23946380615234375 -0.705078125 -0.9078769683837891
-0.146728515625 -0.6259307861328125 -0.9408950805664063
0.13257598876953125 -0.699462890625 -0.8838920593261719
0.17110443115234375 -0.7835540771484375 -0.8357963562011719
0.34070587158203125 -0.5460052490234375 -0.9101638793945313
0.0569610595703125 -0.548797607421875 -0.9946708679199219
0.30968475341796875 -0.7141494750976563 -0.8846321105957031
-0.089569091796875 -0.7779922485351563 -0.8419017791748047
0.1279449462890625 -0.8152236938476563 -0.8094120025634766
-0.060821533203125 -0.9088821411132813 -0.6471729278564453
0.19425201416015625 -0.9341201782226563 -0.6195888519287109
-0.0937957763671875 -0.9442291259765625 -0.6319980621337891
0.03595733642578125 -0.7020492553710938 -0.8997325897216797
0.12835693359375 -0.8846435546875 -0.6598167419433594
0.05333709716796875 -0.853363037109375 -0.7303562164306641
0.109344482421875 -0.6403732299804688 -0.9421653747558594
0.0381317138671875 -0.9014434814453125 -0.6412677764892578
0.20043182373046875 -0.7775802612304688 -0.7887363433837891
-0.279296875 -0.7601547241210938 -0.8454933166503906
-0.15450286865234375 -0.8302993774414063 -0.7329025268554688
-0.1119384765625 -0.6695175170898438 -0.9240150451660156
0.09284210205078125 -0.8836898803710938 -0.721221923828125
-0.09696197509765625 -0.6971282958984375 -0.8946113586425781
-0.0930633544921875 -0.69976806640625 -0.8721561431884766
-0.37787628173828125 -0.7184219360351563 -0.8068332672119141
-0.0882110595703125 -0.8278045654296875 -0.7439384460449219
-0.19652557373046875 -0.90142822265625 -0.6623516082763672
-0.0171661376953125 -0.7801666259765625 -0.8313560485839844
-0.13428497314453125 -0.7686538696289063 -0.8693275451660156
0.0783843994140625 -0.882965087890625 -0.6953716278076172
-0.16242218017578125 -0.88861083984375 -0.73565673828125
0.02500152587890625 -0.6646347045898438 -0.9341411590576172
-0.03092193603515625 -0.65576171875 -0.9356422424316406
-0.035491943359375 -0.7789764404296875 -0.8345890045166016
-0.25933074951171875 -0.71612548828125 -0.8476352691650391
0.14769744873046875 -0.6885223388671875 -0.9560375213623047
-0.3880157470703125 -0.6798248291015625 -0.8033638000488281
-0.05529022216796875 -0.67926025390625 -0.9060096740722656
0.1837005615234375 -0.7422027587890625 -0.855743408203125
-0.11728668212890625 -0.8312149047851563 -0.7419605255126953
0.09333038330078125 -0.7517852783203125 -0.8322792053222656
-0.0582733154296875 -0.7094879150390625 -0.8603610992431641
0.0507659912109375 -0.56475830078125 -0.9471359252929688
0.04039764404296875 -0.7934494018554688 -0.8066005706787109
0.2854461669921875 -0.7485580444335938 -0.8245506286621094
0.28023529052734375 -0.7978057861328125 -0.7431468963623047
0.2928314208984375 -0.90728759765625 -0.6207046508789063
0.088287353515625 -0.823822021484375 -0.7570400238037109
0.25852203369140625 -0.8075180053710938 -0.7428226470947266
-0.02895355224609375 -0.718017578125 -0.9080219268798828
0.1559295654296875 -0.9547119140625 -0.6717128753662109
-0.0805511474609375 -0.680572509765625 -0.8892917633056641
0.09439849853515625 -0.7667694091796875 -0.8180751800537109
-0.05292510986328125 -0.7576141357421875 -0.8256072998046875
-0.255340576171875 -0.7581634521484375 -0.7884635925292969
-0.20755767822265625 -0.7382125854492188 -0.8315544128417969
-0.12920379638671875 -0.798675537109375 -0.7910385131835938
0.1486053466796875 -0.9107284545898438 -0.6094322204589844
0.1772308349609375 -0.6190948486328125 -0.9140663146972656
0.2182769775390625 -0.666839599609375 -0.8892040252685547
0.03813934326171875 -0.7913818359375 -0.8468666076660156
0.22130584716796875 -0.630706787109375 -0.9231147766113281
0.0594635009765625 -0.745147705078125 -0.8796176910400391
-0.05069732666015625 -0.7664642333984375 -0.8134860992431641
0.15607452392578125 -0.5936660766601563 -0.9413261413574219
-0.125579833984375 -0.7492218017578125 -0.8601112365722656
0.0734405517578125 -0.7834625244140625 -0.8055419921875
-0.11928558349609375 -0.7417831420898438 -0.8085384368896484
-0.0659942626953125 -0.8356475830078125 -0.7799015045166016
0.0028839111328125 -0.818267822265625 -0.7749423980712891
0.033538818359375 -0.8240814208984375 -0.7301826477050781
0.03497314453125 -0.6827011108398438 -0.8993873596191406
0.40976715087890625 -0.7979583740234375 -0.7309322357177734
-0.0110626220703125 -0.713897705078125 -0.9192008972167969
0.390533447265625 -0.7910614013671875 -0.7514076232910156
0.3430938720703125 -0.862274169921875 -0.6564064025878906
0.1032257080078125 -0.7427139282226563 -0.9007930755615234
0.046661376953125 -0.897369384765625 -0.7039623260498047
0.17767333984375 -0.8634109497070313 -0.7077980041503906
0.1515655517578125 -0.9329376220703125 -0.557525634765625
-0.10909271240234375 -0.7404937744140625 -0.8559646606445313
0.09870147705078125 -0.8852996826171875 -0.6780948638916016
-0.05176544189453125 -0.729095458984375 -0.8756504058837891
-0.238677978515625 -0.720794677734375 -0.8550319671630859
-0.115875244140625 -0.79180908203125 -0.8383808135986328
0.05764007568359375 -0.6183013916015625 -0.9550914764404297
0.05396270751953125 -0.8021469116210938 -0.7806072235107422
-0.01593780517578125 -0.8426895141601563 -0.7823123931884766
-0.41690826416015625 -0.8730926513671875 -0.5754833221435547
0.24988555908203125 -0.8545379638671875 -0.7207260131835938
-0.17412567138671875 -0.915802001953125 -0.6618061065673828
-0.0968780517578125 -0.9547271728515625 -0.6096935272216797
-0.054229736328125 -0.9456863403320313 -0.61669921875
-0.18959808349609375 -0.8662338256835938 -0.6972789764404297
-0.0926666259765625 -0.86785888671875 -0.7121353149414063
-0.27356719970703125 -0.8609466552734375 -0.6718177795410156
-0.5007858276367188 -0.8225250244140625 -0.5648574829101563
-0.011016845703125 -1.000885009765625 -0.46455955505371094
-0.43549346923828125 -0.7775115966796875 -0.7493438720703125
0.015838623046875 -0.8808135986328125 -0.7744083404541016
0.097991943359375 -0.9793853759765625 -0.5630035400390625
-0.414337158203125 -0.8989486694335938 -0.5495662689208984
-0.5022659301757813 -0.9336013793945313 -0.4663887023925781
-0.18618011474609375 -0.9083786010742188 -0.6510639190673828
-0.0373687744140625 -0.9306106567382813 -0.7290191650390625
0.012420654296875 -0.9813079833984375 -0.57391357421875
-0.3648681640625 -0.8832244873046875 -0.5748844146728516
-0.31949615478515625 -0.9629135131835938 -0.5211620330810547
-0.2354583740234375 -1.0188827514648438 -0.4892425537109375
-0.2906494140625 -0.9256973266601563 -0.6371212005615234
-0.2373046875 -0.9372100830078125 -0.6231594085693359
-0.11138153076171875 -0.7845611572265625 -0.8233318328857422
-0.27338409423828125 -0.8930282592773438 -0.6136360168457031
-0.27490997314453125 -0.8538970947265625 -0.6589393615722656
-0.13457489013671875 -0.953125 -0.5172443389892578
-0.0340118408203125 -0.9450607299804688 -0.6083660125732422
-0.28786468505859375 -0.9957199096679688 -0.5212326049804688
-0.48648834228515625 -0.7618865966796875 -0.6922168731689453
-0.3670806884765625 -0.9530258178710938 -0.5082435607910156
-0.5685348510742188 -0.9157180786132813 -0.4725837707519531
-0.338592529296875 -0.974212646484375 -0.4935283660888672
-0.32054901123046875 -0.8696823120117188 -0.6836662292480469
-0.44542694091796875 -0.7293624877929688 -0.7523460388183594
-0.5869369506835938 -0.8977737426757813 -0.42201805114746094
-0.399932861328125 -0.9217681884765625 -0.46399497985839844
-0.10626220703125 -0.93994140625 -0.6223297119140625
-0.47003936767578125 -0.794097900390625 -0.65985107421875
-0.603729248046875 -0.8214874267578125 -0.5291309356689453
-0.29181671142578125 -0.9325408935546875 -0.5283164978027344
-0.358642578125 -0.7879257202148438 -0.7436809539794922
-0.5186920166015625 -0.860076904296875 -0.5417003631591797
-0.345672607421875 -0.8509521484375 -0.6172504425048828
-0.07959747314453125 -0.8180923461914063 -0.7765312194824219
0.08740997314453125 -1.07244873046875 -0.43431663513183594
0.3057403564453125 -1.0116348266601563 -0.4521331787109375
0.39223480224609375 -1.06585693359375 -0.1884765625
0.3572235107421875 -1.0337066650390625 -0.13396072387695313
0.547760009765625 -0.7846145629882813 0.595367431640625
0.5032882690429688 -1.0075225830078125 0.17488861083984375
0.5967788696289063 -0.974517822265625 0.1777057647705078
0.47803497314453125 -0.959503173828125 0.3639259338378906
0.6265792846679688 -0.9380035400390625 0.0681915283203125
0.43603515625 -1.0430068969726563 0.20449066162109375
0.37221527099609375 -0.9927597045898438 0.4152088165283203
0.5647125244140625 -0.8813400268554688 0.494415283203125
0.5142822265625 -1.0329437255859375 0.015806198120117188
0.45220184326171875 -1.0287322998046875 -0.12171554565429688
0.5520782470703125 -0.9774398803710938 0.2096118927001953
0.625823974609375 -0.9258956909179688 0.12947845458984375
0.49213409423828125 -1.038818359375 0.0496063232421875
0.6539230346679688 -0.8149032592773438 0.42098236083984375
0.53143310546875 -0.9844284057617188 -0.00785064697265625
0.14011383056640625 -1.0375900268554688 -0.442657470703125
0.7136306762695313 -0.9088668823242188 -0.07983207702636719
0.7179031372070313 -0.8834228515625 0.24974632263183594
0.61700439453125 -0.9538726806640625 0.0043926239013671875
0.6817092895507813 -0.91900634765625 -0.019626617431640625
0.4488983154296875 -1.0243072509765625 -0.209259033203125
0.545654296875 -0.9764480590820313 -0.23790359497070313
0.529937744140625 -0.9976272583007813 -0.11666679382324219
0.5332260131835938 -0.9700164794921875 -0.2521095275878906
0.6581649780273438 -0.9093856811523438 -0.04726600646972656
0.8423309326171875 -0.7479019165039063 0.1803150177001953
0.6432418823242188 -0.7479705810546875 0.5643310546875
0.5051193237304688 -0.9744796752929688 0.2881908416748047
0.6219329833984375 -0.9061813354492188 0.3537483215332031
0.6591033935546875 -0.9498291015625 0.15464019775390625
0.5974273681640625 -0.9282150268554688 0.31578826904296875
0.728851318359375 -0.8197479248046875 0.32073974609375
0.4993896484375 -0.9205093383789063 0.41686248779296875
0.6240005493164063 -0.8714675903320313 0.2758045196533203
0.600677490234375 -0.7927703857421875 0.5706119537353516
0.6550445556640625 -0.7623825073242188 0.5108871459960938
0.6442718505859375 -0.8903884887695313 0.29566001892089844
0.3639373779296875 -0.9283981323242188 0.524810791015625
0.5673904418945313 -1.0003204345703125 0.19297027587890625
0.5918960571289063 -0.9518356323242188 0.10939979553222656
0.611358642578125 -0.89630126953125 0.35422706604003906
0.7124710083007813 -0.8936080932617188 0.12448883056640625
0.5532989501953125 -0.9790420532226563 0.1732959747314453
0.20719146728515625 -1.0750732421875 -0.3011360168457031
0.6454391479492188 -0.9208450317382813 0.16749191284179688
0.50396728515625 -1.029296875 -0.09308052062988281
0.294586181640625 -1.0071945190429688 -0.3760032653808594
0.24602508544921875 -1.066162109375 -0.11383247375488281
0.3962554931640625 -1.0047454833984375 -0.31422996520996094
0.33864593505859375 -0.9954376220703125 -0.41148948669433594
0.3545989990234375 -1.02777099609375 -0.28959083557128906
0.481201171875 -1.00628662109375 -0.26764678955078125
0.4166412353515625 -1.0286483764648438 -0.2799816131591797
0.292236328125 -1.0849456787109375 -0.14486122131347656
0.45259857177734375 -1.0406341552734375 -0.209808349609375
0.627716064453125 -0.8736419677734375 0.3682708740234375
0.488067626953125 -0.992645263671875 -0.10831260681152344
0.4134674072265625 -1.031982421875 -0.1736125946044922
0.4809112548828125 -1.0333938598632813 0.10684967041015625
0.5540924072265625 -1.0015945434570313 0.05562591552734375
0.5068588256835938 -0.987274169921875 0.3044414520263672
0.37639617919921875 -0.9705123901367188 0.45191383361816406
0.6611709594726563 -0.9078750610351563 0.236480712890625
0.5772247314453125 -0.815032958984375 0.43776512145996094
0.5964736938476563 -0.887237548828125 0.33397674560546875
0.5663681030273438 -0.92437744140625 0.2759590148925781
0.607269287109375 -0.895050048828125 0.29172515869140625
0.54376220703125 -0.7746124267578125 0.6465187072753906
0.6775283813476563 -0.9110565185546875 0.14368057250976563
0.776580810546875 -0.7525711059570313 0.40231895446777344
0.59820556640625 -0.8410186767578125 0.4862518310546875
0.44232940673828125 -1.01104736328125 0.3273048400878906
0.5649566650390625 -0.9225616455078125 0.40571022033691406
0.59173583984375 -0.8926849365234375 0.4113788604736328
0.5602569580078125 -0.908935546875 0.49331092834472656
0.5216064453125 -0.8172149658203125 0.5667457580566406
0.48974609375 -0.958892822265625 0.35462379455566406
0.32393646240234375 -1.0787887573242188 -0.0216064453125
0.49045562744140625 -0.96014404296875 0.2491741180419922
0.6604232788085938 -0.8560943603515625 0.2363433837890625
0.6110458374023438 -0.8713226318359375 0.34250831604003906
0.48276519775390625 -0.9796295166015625 0.1569366455078125
0.7554702758789063 -0.8744964599609375 0.1766681671142578
0.7303314208984375 -0.824981689453125 0.2549934387207031
0.5865249633789063 -0.8648529052734375 0.4382305145263672
0.660736083984375 -0.867279052734375 0.18910789489746094
0.5878753662109375 -0.9294281005859375 0.30699920654296875
0.5908737182617188 -0.9188079833984375 0.26839637756347656
0.6241073608398438 -0.9475021362304688 0.10406875610351563
0.82196044921875 -0.7637939453125 0.10540008544921875
0.6606674194335938 -0.84429931640625 0.27615928649902344
0.5565643310546875 -0.9931793212890625 0.17705345153808594
0.7064285278320313 -0.8238677978515625 0.34277915954589844
0.44744873046875 -1.0426483154296875 -0.0405120849609375
0.48736572265625 -1.0262908935546875 0.0026702880859375
0.5701904296875 -0.9596099853515625 -0.09933090209960938
0.581451416015625 -0.92645263671875 0.2626686096191406
0.6172866821289063 -0.9165191650390625 0.1925048828125
0.5028839111328125 -1.0012588500976563 0.11700630187988281
0.4422760009765625 -0.8925018310546875 0.47414398193359375
0.6582717895507813 -0.9316864013671875 -0.07781600952148438
0.6739120483398438 -0.898712158203125 0.11300277709960938
0.5467147827148438 -0.9579315185546875 0.1909809112548828
0.5731887817382813 -0.965301513671875 -0.1617145538330078
0.590667724609375 -0.9554290771484375 0.1960582733154297
0.510955810546875 -0.9238433837890625 0.3367786407470703
0.5790252685546875 -0.8400115966796875 0.5126285552978516
0.43603515625 -0.999298095703125 0.34807777404785156
0.582733154296875 -0.93560791015625 0.2058582305908203
0.35123443603515625 -1.036376953125 0.20091629028320313
0.6236724853515625 -0.8228302001953125 0.44024085998535156
0.4778289794921875 -0.91009521484375 0.48522377014160156
0.5714492797851563 -0.9646377563476563 -0.232208251953125
0.3647003173828125 -1.056060791015625 -0.14266586303710938
0.20827484130859375 -0.987548828125 -0.5069408416748047
0.29680633544921875 -0.937469482421875 -0.5181331634521484
0.49571990966796875 -1.0045166015625 -0.1122589111328125
0.3018951416015625 -0.9638519287109375 -0.5239505767822266
0.44153594970703125 -1.0323104858398438 0.07972335815429688
0.5070037841796875 -1.0301666259765625 0.06011199951171875
0.42575836181640625 -0.9934844970703125 0.295318603515625
0.41126251220703125 -1.0437164306640625 0.2100372314453125
0.5305938720703125 -0.8948898315429688 0.3818855285644531
0.64141845703125 -0.9813613891601563 0.13565826416015625
0.6231613159179688 -0.9221420288085938 0.2737159729003906
0.5123443603515625 -0.995025634765625 0.2020416259765625
0.63641357421875 -0.895751953125 0.34119224548339844
0.6686477661132813 -0.837310791015625 0.12014961242675781
0.468536376953125 -0.9775009155273438 0.3194236755371094
0.780029296875 -0.73089599609375 0.4655799865722656
0.703399658203125 -0.7368545532226563 0.48016929626464844
0.6308364868164063 -0.8973846435546875 0.33724403381347656
0.6853408813476563 -0.86285400390625 0.32462310791015625
0.546966552734375 -0.7952880859375 0.5618267059326172
0.6891021728515625 -0.8836441040039063 0.3237018585205078
0.6748580932617188 -0.826690673828125 0.3156471252441406
0.5881423950195313 -0.84197998046875 0.4863624572753906
0.6091995239257813 -0.647552490234375 0.6815757751464844
0.5703201293945313 -0.9991455078125 0.183685302734375
0.3762359619140625 -0.9426727294921875 -0.5032176971435547
0.49306488037109375 -0.96514892578125 0.3557720184326172
0.7856216430664063 -0.7324066162109375 0.4423675537109375
0.672576904296875 -0.884063720703125 0.21697998046875
0.5439910888671875 -0.8768157958984375 0.39732933044433594
0.538299560546875 -0.912353515625 0.4201622009277344
0.8074493408203125 -0.7515716552734375 0.2728595733642578
0.6033706665039063 -0.7477874755859375 0.6158485412597656
0.609100341796875 -0.914337158203125 0.3382110595703125
0.5246810913085938 -0.9429550170898438 0.22014427185058594
0.536895751953125 -0.8538665771484375 0.5516986846923828
0.5673904418945313 -0.8855056762695313 0.3986778259277344
0.4774017333984375 -1.0183868408203125 0.21929168701171875
0.5675125122070313 -0.8714599609375 0.4174079895019531
0.6111679077148438 -0.881927490234375 0.33370208740234375
0.206329345703125 -1.127777099609375 0.14203262329101563
0.5117111206054688 -0.986297607421875 0.23183822631835938
0.5049972534179688 -0.95867919921875 0.32819366455078125
0.5969314575195313 -0.9327926635742188 0.2368316650390625
0.5428543090820313 -0.96954345703125 0.1634044647216797
0.46233367919921875 -1.0122222900390625 0.1826934814453125
0.22557830810546875 -1.10162353515625 0.06269264221191406
0.47955322265625 -1.0319061279296875 0.14862632751464844
0.12943267822265625 -1.0884017944335938 -0.2504158020019531
0.40991973876953125 -1.0271377563476563 0.21596527099609375
0.5919113159179688 -0.894256591796875 0.3042182922363281
0.5098114013671875 -0.9958267211914063 0.3245258331298828
0.6070480346679688 -0.9285736083984375 0.19015121459960938
0.6845550537109375 -0.7613067626953125 0.507843017578125
0.41938018798828125 -1.02288818359375 0.24314308166503906
0.43706512451171875 -1.0079193115234375 0.15633773803710938
0.5606918334960938 -0.97955322265625 -0.010190963745117188
0.6951446533203125 -0.881072998046875 0.15491104125976563
0.5436248779296875 -0.9609756469726563 0.23390579223632813
0.5170135498046875 -0.9502105712890625 0.29848480224609375
0.5814361572265625 -0.9316253662109375 0.3201103210449219
0.5786972045898438 -0.948822021484375 0.19329261779785156
0.4453582763671875 -1.0093765258789063 0.2572975158691406
0.36623382568359375 -1.076416015625 0.11576652526855469
0.3800811767578125 -1.0590972900390625 0.19064903259277344
0.5717391967773438 -0.9538726806640625 0.11940574645996094
0.45362091064453125 -1.0884552001953125 -0.10048484802246094
0.35198211669921875 -1.0630569458007813 0.008819580078125
0.3589935302734375 -1.098541259765625 0.14976882934570313
0.525390625 -0.94482421875 0.4705009460449219
0.49181365966796875 -1.0287017822265625 0.23085403442382813
0.48851776123046875 -1.0150527954101563 0.060272216796875
0.5638275146484375 -0.9480514526367188 0.208099365234375
0.56512451171875 -0.9662322998046875 0.20285415649414063
0.40634918212890625 -0.9816360473632813 0.5156173706054688
0.4167022705078125 -1.009765625 0.32055091857910156
0.454620361328125 -1.022430419921875 -0.008291244506835938
0.25485992431640625 -1.0910720825195313 -0.08192062377929688
0.268798828125 -1.102874755859375 0.026525497436523438
0.43712615966796875 -0.9633712768554688 0.43486595153808594
0.34452056884765625 -1.0519866943359375 0.07765579223632813
0.2784271240234375 -1.0903396606445313 -0.011949539184570313
0.33837890625 -1.07501220703125 0.12972450256347656
0.37067413330078125 -1.0864410400390625 -0.049312591552734375
0.45566558837890625 -1.02984619140625 0.17294692993164063
0.5525970458984375 -0.9923248291015625 0.11675453186035156
0.40105438232421875 -1.0282745361328125 0.36005210876464844
0.6217041015625 -0.8251190185546875 0.47628211975097656
0.47075653076171875 -0.9899139404296875 0.23933029174804688
0.33060455322265625 -1.0825653076171875 0.057262420654296875
0.42847442626953125 -1.0543975830078125 0.21393775939941406
0.33660888671875 -1.0929107666015625 0.19698715209960938
0.32295989990234375 -1.100982666015625 0.07798576354980469
0.6720046997070313 -0.8722076416015625 0.24631118774414063
0.6502914428710938 -0.9233245849609375 0.26980018615722656
0.644317626953125 -0.9199142456054688 0.23025894165039063
0.6819381713867188 -0.862884521484375 0.25181007385253906
0.5959625244140625 -0.8574066162109375 0.3688640594482422
0.6980438232421875 -0.8076400756835938 0.4402790069580078
0.5581741333007813 -0.8962631225585938 0.42442893981933594
0.6780548095703125 -0.9079208374023438 0.094512939453125
0.6592788696289063 -0.7964935302734375 0.4550132751464844
0.5694961547851563 -0.84527587890625 0.45130348205566406
0.5183258056640625 -0.8700408935546875 0.45842742919921875
0.748046875 -0.8369522094726563 0.22072601318359375
0.5950393676757813 -0.9349899291992188 0.17956924438476563
0.5310287475585938 -0.984344482421875 0.2630119323730469
0.6397552490234375 -0.8841323852539063 0.39028167724609375
0.5486831665039063 -1.0091400146484375 0.05761146545410156
0.5857315063476563 -0.8641891479492188 0.42836761474609375
0.6259002685546875 -0.892730712890625 0.3391075134277344
0.6236648559570313 -0.9331817626953125 0.09906196594238281
0.7289352416992188 -0.8148651123046875 0.31943702697753906
0.5644378662109375 -0.9243316650390625 0.38591957092285156
0.5286865234375 -0.9622726440429688 0.2512550354003906
0.4303131103515625 -1.0295028686523438 0.31266021728515625
0.7294464111328125 -0.7897796630859375 0.24625778198242188
0.6780471801757813 -0.8762283325195313 0.31348609924316406
0.5932159423828125 -0.9088058471679688 0.31346893310546875
0.6386184692382813 -0.7757644653320313 0.5651264190673828
0.5422286987304688 -0.884429931640625 0.5176563262939453
0.61700439453125 -0.9148635864257813 0.24599456787109375
0.5602569580078125 -0.9500732421875 0.16367530822753906
0.6230087280273438 -0.8585357666015625 0.4175682067871094
0.6476593017578125 -0.8978805541992188 0.27938270568847656
0.6598892211914063 -0.8428497314453125 0.3938865661621094
0.681640625 -0.7514801025390625 0.5275192260742188
0.8002166748046875 -0.8072967529296875 0.17417335510253906
0.5703659057617188 -0.8587188720703125 0.4714698791503906
0.678192138671875 -0.841766357421875 0.37429237365722656
0.6676712036132813 -0.8907470703125 0.15287017822265625
0.514251708984375 -0.9019622802734375 0.4698028564453125
0.5454254150390625 -0.996917724609375 0.04975700378417969
0.45398712158203125 -1.0645751953125 0.07749176025390625
0.3133392333984375 -1.0729598999023438 0.15216827392578125
0.608154296875 -0.8460769653320313 0.42343711853027344
0.5113983154296875 -1.0378189086914063 0.148406982421875
0.5938949584960938 -0.937408447265625 0.1864185333251953
0.3250274658203125 -1.0497665405273438 0.21509361267089844
0.5149993896484375 -1.01861572265625 -0.08550262451171875
0.07501983642578125 -1.1217803955078125 -0.0081024169921875
0.23500823974609375 -1.093414306640625 -0.2980537414550781
0.12703704833984375 -1.0343780517578125 -0.36597633361816406
0.34426116943359375 -1.1257476806640625 -0.16516685485839844
0.15110015869140625 -1.067413330078125 0.3446922302246094
0.6408233642578125 -0.954376220703125 -0.04807281494140625
0.0541839599609375 -1.15081787109375 0.0938568115234375
0.285888671875 -1.0888519287109375 0.03864097595214844
0.28679656982421875 -1.1111373901367188 -0.13460922241210938
0.32846832275390625 -0.943634033203125 0.4355201721191406
0.46189117431640625 -0.8955078125 0.5635852813720703
0.5056838989257813 -0.89105224609375 0.45429039001464844
0.2378387451171875 -1.0448532104492188 0.2929515838623047
0.4384002685546875 -0.9640350341796875 0.36046409606933594
0.5095748901367188 -1.0373077392578125 0.11686134338378906
0.40772247314453125 -1.0463333129882813 0.049407958984375
0.44467926025390625 -1.05322265625 0.08626556396484375
0.3406982421875 -1.007904052734375 0.313934326171875
0.3282470703125 -1.08050537109375 0.1447296142578125
0.27862548828125 -1.0720291137695313 -0.13579940795898438
0.0863037109375 -1.0853729248046875 -0.26123046875
0.6636581420898438 -0.951446533203125 0.08002471923828125
0.583099365234375 -0.996826171875 0.08149909973144531
0.5462722778320313 -0.9631118774414063 -0.07819366455078125
0.7661514282226563 -0.80316162109375 0.22217559814453125
0.5035247802734375 -0.97259521484375 -0.33695030212402344
0.5345458984375 -0.9914932250976563 0.029987335205078125
0.7394027709960938 -0.8528900146484375 0.09833335876464844
0.548858642578125 -0.9423828125 0.2708473205566406
0.45027923583984375 -1.0350418090820313 0.18715286254882813
0.6187820434570313 -0.8733062744140625 0.32643699645996094
0.3186187744140625 -1.048858642578125 0.20064735412597656
0.7126541137695313 -0.8409194946289063 0.23229408264160156
0.6357955932617188 -0.8734893798828125 0.2420024871826172
0.39099884033203125 -1.070556640625 -0.07238006591796875
0.508758544921875 -1.0251541137695313 0.08612823486328125
0.6636962890625 -0.902801513671875 0.09521484375
-0.00974273681640625 -1.110687255859375 0.0031223297119140625
0.5267791748046875 -0.9658966064453125 0.2316303253173828
0.20203399658203125 -1.0409927368164063 0.3342399597167969
0.4154510498046875 -1.0215606689453125 -0.11097908020019531
0.5519180297851563 -0.9712905883789063 0.20021820068359375
0.58392333984375 -0.9532928466796875 -0.11483383178710938
0.4258880615234375 -1.0010147094726563 -0.36466026306152344
0.6376724243164063 -0.9427490234375 -0.12127494812011719
0.5599365234375 -1.0169754028320313 -0.09544181823730469
0.74493408203125 -0.8165054321289063 0.23533058166503906
0.5226058959960938 -1.0014419555664063 0.04125022888183594
0.6101837158203125 -0.8855667114257813 0.29622840881347656
0.604888916015625 -0.9546585083007813 0.09807395935058594
0.5914535522460938 -0.81744384765625 0.6019821166992188
0.7018585205078125 -0.933380126953125 0.15965652465820313
0.4303131103515625 -1.0639190673828125 0.12912559509277344
0.5325546264648438 -0.9553070068359375 -0.23273849487304688
0.4356231689453125 -0.9625015258789063 0.4608783721923828
0.35340118408203125 -1.072296142578125 -0.047760009765625
0.6981735229492188 -0.8680267333984375 0.14306640625
0.7801055908203125 -0.7389297485351563 0.311798095703125
0.80487060546875 -0.7569046020507813 0.3009204864501953
0.751068115234375 -0.7492523193359375 0.4232025146484375
0.6567153930664063 -0.7605819702148438 0.5122795104980469
0.6156082153320313 -0.8626327514648438 0.4523124694824219
0.5 -0.828033447265625 0.5284423828125
0.7167816162109375 -0.7978515625 0.2962474822998047
0.88446044921875 -0.6488571166992188 0.24024391174316406
0.7532196044921875 -0.7008285522460938 0.5109691619873047
0.555267333984375 -0.9513702392578125 0.4236431121826172
0.48309326171875 -0.986724853515625 0.4200248718261719
0.7379379272460938 -0.8230667114257813 0.25769805908203125
0.749481201171875 -0.7411956787109375 0.45969390869140625
0.8493270874023438 -0.6632843017578125 0.4336967468261719
0.808441162109375 -0.6629867553710938 0.49553680419921875
0.7045059204101563 -0.7631988525390625 0.4202537536621094
0.79022216796875 -0.7653961181640625 0.2462291717529297
0.7688217163085938 -0.7324676513671875 0.3448295593261719
0.6162185668945313 -0.9581756591796875 0.18871688842773438
0.6756057739257813 -0.7784271240234375 0.5092353820800781
0.8087997436523438 -0.762451171875 0.2287578582763672
0.8313369750976563 -0.8212127685546875 0.1949310302734375
0.6072616577148438 -0.9359588623046875 -0.011661529541015625
0.66741943359375 -0.8892974853515625 0.20727920532226563
0.920135498046875 -0.5428619384765625 0.42855072021484375
0.8584213256835938 -0.60943603515625 0.4380455017089844
0.730712890625 -0.77313232421875 0.4284076690673828
0.654052734375 -0.9188995361328125 0.10587501525878906
0.7173538208007813 -0.8407974243164063 0.2693367004394531
0.6750335693359375 -0.8608551025390625 0.2533092498779297
0.7482681274414063 -0.7538299560546875 0.3877429962158203
0.7983551025390625 -0.59710693359375 0.5828380584716797
0.70684814453125 -0.7192916870117188 0.5063457489013672
0.728057861328125 -0.800994873046875 0.3990345001220703
0.7898483276367188 -0.718902587890625 0.3740692138671875
0.5195083618164063 -0.8769149780273438 0.5060005187988281
0.5407180786132813 -1.00494384765625 0.07934188842773438
0.5773086547851563 -0.5712356567382813 0.7760658264160156
0.832794189453125 -0.5568695068359375 0.6050128936767578
0.8605422973632813 -0.513946533203125 0.4880657196044922
0.72723388671875 -0.615814208984375 0.5131149291992188
0.683868408203125 -0.663360595703125 0.5902576446533203
0.6613998413085938 -0.843475341796875 0.3694744110107422
0.7542495727539063 -0.7317276000976563 0.4649486541748047
0.7017822265625 -0.8725738525390625 0.20450782775878906
0.7993927001953125 -0.7018280029296875 0.3986339569091797
0.7470550537109375 -0.7423553466796875 0.47804832458496094
0.6165084838867188 -0.8433990478515625 0.4265918731689453
0.796295166015625 -0.6678619384765625 0.4690208435058594
0.8123321533203125 -0.68865966796875 0.428924560546875
0.7421493530273438 -0.8485794067382813 0.2145252227783203
0.7508544921875 -0.7359390258789063 0.44629669189453125
0.60540771484375 -0.737945556640625 0.5574054718017578
0.6003570556640625 -0.5843658447265625 0.7413425445556641
0.7111663818359375 -0.799591064453125 0.44031524658203125
0.727081298828125 -0.7797775268554688 0.30231666564941406
0.6668701171875 -0.8898162841796875 0.1732025146484375
0.624176025390625 -0.8102340698242188 0.4672584533691406
0.768341064453125 -0.76885986328125 0.3349723815917969
0.8918991088867188 -0.5466156005859375 0.4275836944580078
0.8214645385742188 -0.6934356689453125 0.3218955993652344
0.815826416015625 -0.7689590454101563 0.17357635498046875
0.8883819580078125 -0.6544723510742188 0.17361831665039063
0.7422027587890625 -0.75341796875 0.3919258117675781
0.8778076171875 -0.717926025390625 0.24967384338378906
0.8080596923828125 -0.6427154541015625 0.4842071533203125
0.766357421875 -0.7848663330078125 0.1917743682861328
0.7454376220703125 -0.6688385009765625 0.5510597229003906
0.7165145874023438 -0.7920989990234375 0.3465290069580078
0.7735824584960938 -0.680267333984375 0.5144939422607422
0.7083663940429688 -0.6983489990234375 0.5105934143066406
0.82470703125 -0.7836761474609375 0.3173179626464844
0.679443359375 -0.892913818359375 0.20510101318359375
0.890380859375 -0.5733489990234375 0.3584480285644531
0.932037353515625 -0.5063858032226563 0.3474140167236328
0.8023834228515625 -0.7140350341796875 0.3883819580078125
0.7343673706054688 -0.7138824462890625 0.40445709228515625
0.774444580078125 -0.6820220947265625 0.39456939697265625
0.899139404296875 -0.6758804321289063 0.2216644287109375
0.664459228515625 -0.89208984375 0.18887901306152344
0.761322021484375 -0.637298583984375 0.6318817138671875
0.7243499755859375 -0.8615188598632813 0.03610992431640625
0.6352615356445313 -0.984130859375 -0.00113677978515625
0.8714523315429688 -0.5816192626953125 0.4391899108886719
0.5881423950195313 -0.9725494384765625 0.12538528442382813
0.8248062133789063 -0.712310791015625 0.23305511474609375
0.5855560302734375 -0.9473800659179688 0.06168174743652344
0.6389846801757813 -0.9300537109375 0.23853683471679688
0.7279739379882813 -0.9272537231445313 0.16628646850585938
0.660186767578125 -0.9295196533203125 0.16596603393554688
0.6117935180664063 -0.856536865234375 0.3448944091796875
0.746124267578125 -0.8782806396484375 0.060909271240234375
0.634552001953125 -0.9423828125 0.10468482971191406
0.5117263793945313 -0.9792327880859375 0.23328399658203125
0.42198944091796875 -1.02227783203125 -0.27472686767578125
0.3570098876953125 -1.06866455078125 -0.08594703674316406
0.28014373779296875 -1.1427078247070313 0.03951454162597656
0.4971771240234375 -1.0312576293945313 -0.14467811584472656
0.6604537963867188 -0.8959197998046875 0.07030677795410156
0.7059249877929688 -0.8239593505859375 0.31978607177734375
0.7203903198242188 -0.8853683471679688 0.1271228790283203
0.6850051879882813 -0.90386962890625 0.05986213684082031
0.36417388916015625 -1.044342041015625 -0.2932853698730469
0.6905441284179688 -0.889556884765625 0.045207977294921875
0.6486358642578125 -0.9293060302734375 0.18778419494628906
0.762847900390625 -0.8528823852539063 0.05329132080078125
0.6663742065429688 -0.8483657836914063 0.304656982421875
0.7987747192382813 -0.8148880004882813 0.1527099609375
0.5530548095703125 -0.9594345092773438 0.13045883178710938
0.41939544677734375 -1.0136871337890625 -0.006458282470703125
0.8347549438476563 -0.69598388671875 0.28586578369140625
0.69287109375 -0.9188613891601563 0.165740966796875
0.7878875732421875 -0.6971435546875 0.3033428192138672
0.7746963500976563 -0.784515380859375 0.227325439453125
0.6162796020507813 -0.9330291748046875 0.3069782257080078
0.769500732421875 -0.81842041015625 0.21709823608398438
0.4636993408203125 -0.9631881713867188 0.39073944091796875
0.46910858154296875 -1.0168228149414063 0.09848976135253906
0.7333145141601563 -0.8523635864257813 0.30909156799316406
0.438751220703125 -1.0135955810546875 0.2294139862060547
0.4576263427734375 -0.996795654296875 0.23961639404296875
0.32544708251953125 -0.9523162841796875 0.5298595428466797
0.7607040405273438 -0.7722091674804688 0.40079689025878906
0.5970993041992188 -0.9165191650390625 0.31419944763183594
0.751129150390625 -0.81451416015625 0.20092201232910156
0.7919845581054688 -0.8306350708007813 -0.2924327850341797
0.850006103515625 -0.7359085083007813 0.06433296203613281
0.38718414306640625 -1.031585693359375 -0.21192550659179688
0.7270278930664063 -0.9013824462890625 0.10172462463378906
0.7004241943359375 -0.7242584228515625 0.4609508514404297
0.7969436645507813 -0.7490158081054688 0.2654132843017578
0.526702880859375 -1.02398681640625 -0.05106925964355469
0.7549667358398438 -0.8371658325195313 0.2186298370361328
0.6831436157226563 -0.8609161376953125 0.2471160888671875
0.6640396118164063 -0.924102783203125 0.14829063415527344
0.6864700317382813 -0.8863067626953125 0.14049148559570313
0.682830810546875 -0.859588623046875 0.274688720703125
0.793975830078125 -0.8104629516601563 0.2534637451171875
0.8223876953125 -0.8320465087890625 -0.00324249267578125
0.61102294921875 -0.96282958984375 0.03201103210449219
0.48955535888671875 -1.0000152587890625 0.2513885498046875
